<?xml version="1.0"?>
<opencv_storage>
    <M1 type_id="opencv-matrix">
        <rows>3</rows>
        <cols>3</cols>
        <dt>d</dt>
        <data>
            2.7451343298029169e+03 0. 9.5135234127970421e+02 0.
            2.7415041998080846e+03 5.6966495733299007e+02 0. 0. 1.
        </data>
    </M1>
    <D1 type_id="opencv-matrix">
        <rows>5</rows>
        <cols>1</cols>
        <dt>d</dt>
        <data>
            -1.5303889355765748e-01 6.7085082183895361e-02
            -2.1499342730430201e-03 -2.9284236700228211e-04
            3.4947647790286868e-01
        </data>
    </D1>
    <M2 type_id="opencv-matrix">
        <rows>3</rows>
        <cols>3</cols>
        <dt>d</dt>
        <data>
            2.7128361266293682e+03 0. 9.5707005042637923e+02 0.
            2.7128505817997266e+03 5.9420816579819439e+02 0. 0. 1.
        </data>
    </M2>
    <D2 type_id="opencv-matrix">
        <rows>5</rows>
        <cols>1</cols>
        <dt>d</dt>
        <data>
            -1.5221074093641507e-01 7.9621398171243002e-02
            -6.1348812221086407e-04 2.7228682701452842e-04
            2.8585176317425931e-01
        </data>
    </D2>
    <RotationMatrix type_id="opencv-matrix">
        <rows>3</rows>
        <cols>3</cols>
        <dt>d</dt>
        <data>
            9.9934493124826629e-01 2.1839957330281574e-04 3.6189234449271745e-02
            -1.1294112203305741e-04 9.9999574178712258e-01
            -2.9161021802117876e-03 -3.6189717223279461e-02
            2.9101046800524503e-03 9.9934070049110391e-01
        </data>
    </RotationMatrix>
    <TranslationVector type_id="opencv-matrix">
        <rows>3</rows>
        <cols>1</cols>
        <dt>d</dt>
        <data>
            -1.9839188142412237e-01 9.4925161842355303e-05
            -1.0697923833713246e-02
        </data>
    </TranslationVector>
    <RMS>6.9803445532959796e-01</RMS>
</opencv_storage>
